name: custom_map_18
seed: 11
num_envs: 16
physics_dt: 0.02
frame_skip: 4
arena:
  half_size: 4.0
robot:
  radius: 0.1
  max_linear_velocity: 0.8
  max_angular_velocity: 2.2
  wheel_base: 0.34
episode:
  max_steps: 900
goal:
  radius: 0.24
  min_distance: 1.2
  max_distance: 3.4
  observation_max_distance: 10.0
sensors:
  rays: 32
  max_range: 4.0
  noise_std: 0.0
obstacles:
  count:
  - 7
  - 7
  radius:
  - 0.12
  - 0.28
  box_probability: 0.25
  min_clearance: 0.5
reward:
  progress_scale: 3.0
  success_bonus: 10.0
  collision_penalty: -8.0
  timeout_penalty: -1.0
  step_penalty: -0.012
  near_obstacle_penalty: -0.04
  action_smoothness_penalty: -0.02
  heading_alignment_scale: 0.04
map:
  enabled: true
  name: custom_map_18
  base_task: open_clutter
  start:
  - -3.2389791183294663
  - 3.273781902552205
  - 0.0
  goal:
  - 2.960556844547563
  - -2.8700696055684443
  jitter:
    enabled: false
    start_std: 0.0
    goal_std: 0.0
    yaw_std: 0.0
  obstacles:
  - id: cylinder_1778355887744
    shape: cylinder
    x: -1.1415313225058008
    y: 1.2784222737819029
    radius: 0.22
    half_x: 0.22
    half_y: 0.22
  - id: cylinder_1778355888693
    shape: cylinder
    x: 0.7517401392111367
    y: -0.7215777262180976
    radius: 0.22
    half_x: 0.22
    half_y: 0.22
  - id: cylinder_1778355890010
    shape: cylinder
    x: 1.577726218097447
    y: 1.997679814385151
    radius: 0.22
    half_x: 0.22
    half_y: 0.22
  - id: cylinder_1778355890807
    shape: cylinder
    x: -2.0046403712296987
    y: -0.9721577726218089
    radius: 0.22
    half_x: 0.22
    half_y: 0.22
  - id: cylinder_1778355891808
    shape: cylinder
    x: -4.440892098500626e-16
    y: 3.872389791183294
    radius: 0.22
    half_x: 0.22
    half_y: 0.22
  - id: cylinder_1778355893105
    shape: cylinder
    x: -1.011600928074246
    y: -2.7540603248259856
    radius: 0.22
    half_x: 0.22
    half_y: 0.22
  - id: cylinder_1778355893808
    shape: cylinder
    x: 2.3758700696055683
    y: 0.24361948955916546
    radius: 0.22
    half_x: 0.22
    half_y: 0.22
